271
248068
198
40
1144
310
11319
1472
279
1528
32480
364
279
1879
220
15
16
16
15
16
15
15
16
16
16
15
16
15
15
16
16
13
271
9764
728
11319
1472
1754
7489
25
271
332
2425
25
220
15
220
16
220
16
220
15
220
16
220
15
220
15
220
16
220
16
220
16
220
15
220
16
220
15
220
15
220
16
220
16
332
271
332
8046
220
16
25
5396
220
15
332
198
12
326
15
11069
326
16
198
12
326
16
11069
326
17
198
12
326
17
11069
326
18
198
12
326
18
11069
326
15
198
12
2972
5237
25
326
16
332
271
332
8046
220
17
25
5396
220
16
332
198
12
326
16
11069
326
15
198
12
326
15
11069
326
17
198
12
326
17
11069
326
16
198
12
326
18
11069
326
17
198
12
2972
5237
25
326
15
332
271
332
8046
220
18
25
5396
220
16
332
198
12
326
15
11069
326
17
198
12
326
16
11069
326
15
198
12
326
17
11069
326
16
198
12
326
18
11069
326
17
198
12
2972
5237
25
326
17
332
271
332
8046
220
19
25
5396
220
15
332
198
12
326
17
11069
326
18
198
12
326
18
11069
326
15
198
12
2972
5237
25
326
18
332
271
332
8046
220
20
25
5396
220
16
