271
248068
198
9764
728
944
1472
411
2923
539
2923
11
5732
440
220
22
13
271
332
8046
220
16
25
2604
220
16
18
332
198
22
478
220
16
18
283
220
17
15
271
332
8046
220
17
25
68647
539
220
18
332
198
17
15
23985
220
18
283
220
21
15
271
332
8046
220
18
25
89999
220
23
332
198
21
15
471
220
23
283
220
20
17
271
332
8046
220
19
25
60783
539
220
17
332
198
20
17
1624
115
220
17
283
220
17
21
271
332
8046
220
20
25
2604
220
19
20
332
198
17
21
478
220
19
20
283
220
22
16
271
332
8046
220
21
25
68647
539
220
19
332
198
22
16
23985
220
19
283
220
17
23
19
271
332
8046
220
22
25
89999
220
16
16
16
332
198
17
23
19
471
220
16
16
16
283
220
16
22
18
271
332
8046
220
23
25
2604
220
16
24
332
198
16
22
18
478
220
16
24
283
220
16
24
17
271
332
8046
220
24
25
68647
539
220
17
332
198
16
24
17
23985
220
17
283
220
18
23
19
271
332
8046
220
16
15
25
89999
220
18
22
332
198
18
23
19
471
220
18
22
283
220
18
19
22
271
332
8046
220
16
16
25
2604
220
23
23
332
198
