271
248068
198
8160
579
264
7047
1817
421
11177
310
279
12321
6093
25
271
16
13
220
2972
15771
2598
279
38622
64700
561
16050
369
310
36213
264
33093
1528
5484
318
8225
44
8
2574
264
3050
716
314
5134
11
8869
5426
11
264
5732
1528
11
321
449
1879
886
13
353
1144
310
2468
279
1528
1238
1396
1879
7489
321
1179
59987
279
3814
14159
13
271
17
13
220
2972
2014
53983
279
32956
64700
271
262
348
256
2972
22532
64700
393
50
62
15
11
326
62
16
11
326
62
17
11
326
62
18
12576
198
262
348
256
2972
3066
5745
318
2425
220
15
188912
198
285
348
256
393
50
62
15
1088
951
326
62
16
3
198
285
348
256
393
50
62
16
1088
951
326
62
17
3
198
285
348
256
393
50
62
17
1088
951
326
62
18
3
198
285
348
256
393
50
62
18
1088
951
326
62
15
3
198
262
348
256
2972
3066
5745
318
2425
220
16
188912
198
285
348
256
393
50
62
15
1088
951
326
62
17
3
198
285
348
256
393
50
62
16
1088
951
326
62
15
3
198
285
348
256
393
50
62
17
1088
951
326
62
16
3
198
285
348
256
393
50
62
18
1088
951
326
62
17
3
198
262
348
256
2972
3367
3130
64700
393
50
62
15
