271
248068
271
248069
271
2
14392
13909
12
8046
29913
271
550
3991
1697
198
71093
198
58
19
11
220
24
11
220
17
11
220
22
11
220
16
11
220
23
11
220
18
11
220
21
11
220
20
60
198
71093
271
4277
271
550
17561
220
16
25
6872
1396
2315
271
71093
198
58
23
11
220
16
23
11
220
19
11
220
16
19
11
220
17
11
220
16
21
11
220
21
11
220
16
17
11
220
16
15
60
198
71093
271
4277
271
550
17561
220
17
25
10466
1396
2315
3294
220
16
20
271
71093
198
58
23
11
220
16
23
11
220
19
11
220
16
19
11
220
17
11
220
16
21
11
220
21
11
220
16
17
11
220
16
15
60
198
71093
271
12
220
23
36059
220
16
20
11069
2426
198
12
220
16
23
835
220
16
20
11069
3921
198
12
220
19
36059
220
16
20
11069
2426
198
12
220
16
19
36059
220
16
20
11069
2426
198
12
220
17
36059
220
16
20
11069
2426
198
12
220
16
21
835
220
16
20
11069
3921
198
12
220
21
36059
220
16
20
11069
2426
198
12
220
16
17
36059
220
16
20
11069
2426
198
12
220
16
15
36059
220
16
20
11069
2426
271
332
2009
64700
74988
23
11
220
19
11
220
16
19
11
