271
248068
198
90700
8340
25
271
16
13
220
2972
2014
53983
279
5952
64700
198
262
348
256
4980
440
220
22
13
198
262
348
256
19927
264
8240
314
7289
303
1906
13
198
262
348
256
6712
279
4162
2702
1238
348
28068
9
3074
2923
13
198
262
348
256
14606
25
4997
383
1141
1765
1500
13
198
262
348
256
3839
440
279
1534
869
13
271
17
13
220
2972
34167
279
24093
64700
198
262
348
256
4980
25
220
22
198
262
348
256
220
16
13
2604
220
16
18
198
262
348
256
220
17
13
68647
539
220
18
198
262
348
256
220
18
13
89999
220
23
198
262
348
256
220
19
13
60783
539
220
17
198
262
348
256
220
20
13
2604
220
19
20
198
262
348
256
220
21
13
68647
539
220
19
198
262
348
256
220
22
13
89999
220
16
16
16
198
262
348
256
220
23
13
2604
220
16
24
198
262
348
256
220
24
13
68647
539
220
17
198
262
348
256
220
16
15
13
89999
220
18
22
198
262
348
256
220
16
16
13
2604
220
23
23
198
262
348
256
220
16
17
13
60783
539
220
20
271
18
13
220
2972
16668
279
38540
64700
271
262
348
256
2972
3367
64700
220
22
198
262
348
256
2972
8046
220
16
318
2143
220
16
