271
248068
198
8160
579
264
7047
1817
421
11177
310
279
6093
25
271
16
13
220
2972
15771
2598
279
38622
64700
561
16050
369
310
36213
264
33093
1528
5484
318
8225
44
8
3018
383
264
2574
716
314
5134
11
32480
11
321
1879
8240
13
353
1144
310
2468
279
1528
1238
1754
2923
11
279
1534
1528
11
321
279
11304
314
1754
1528
11653
13
271
17
13
220
2972
2014
53983
279
5396
2791
64700
198
262
348
256
2972
22532
64700
393
50
62
15
11
326
62
16
11
326
62
17
11
326
62
18
12576
198
262
348
256
2972
3066
5745
64700
198
285
348
256
5396
359
15
1170
393
50
62
15
1088
951
326
62
16
53031
393
50
62
16
1088
951
326
62
17
53031
393
50
62
17
1088
951
326
62
18
53031
393
50
62
18
1088
951
326
62
15
12576
198
285
348
256
5396
359
16
1170
393
50
62
15
1088
951
326
62
17
53031
393
50
62
16
1088
951
326
62
15
53031
393
50
62
17
1088
951
326
62
16
53031
393
50
62
18
1088
951
326
62
17
12576
198
262
348
256
2972
6140
3130
64700
393
50
62
15
12576
198
262
348
256
2972
2425
27929
64700
1510
15
16
16
15
16
15
15
16
16
16
15
16
15
15
16
16
27653
271
18
13
220
2972
