271
1206
11290
411
11
567
668
2649
279
7289
91291
11
5732
440
279
2763
1324
220
22
13
1165
668
3150
279
4162
2702
1238
1754
5488
13
271
16
13
220
2972
3367
92217
561
2763
869
369
220
22
13
198
17
13
220
2972
2143
220
16
18
92217
393
22
478
220
16
18
283
220
17
15
12576
198
18
13
220
2972
91871
539
220
18
92217
393
17
15
1088
14695
220
18
283
220
21
15
12576
198
19
13
220
2972
3036
2076
220
23
92217
393
21
15
471
220
23
283
220
20
17
12576
198
20
13
220
2972
12151
562
539
220
17
92217
393
20
17
1088
596
220
17
283
220
17
21
12576
198
21
13
220
2972
2143
220
19
20
92217
393
17
21
478
220
19
20
283
220
22
16
12576
198
22
13
220
2972
91871
539
220
19
92217
393
22
16
1088
14695
220
19
283
220
17
23
19
12576
198
23
13
220
2972
3036
2076
220
16
16
16
92217
393
17
23
19
471
220
16
16
16
283
220
16
22
18
12576
198
24
13
220
2972
2143
220
16
24
92217
393
16
22
18
478
220
16
24
283
220
16
24
17
12576
198
16
15
13
2972
91871
539
220
17
92217
393
16
24
17
1088
14695
220
17
283
220
18
23
19
12576
198
16
16
13
2972
