271
248068
198
90700
8340
25
271
16
13
220
2972
2014
53983
279
5952
64700
198
262
348
256
5261
25
4319
6134
264
5436
795
5759
13
198
262
348
256
5396
24093
25
357
8240
314
7289
318
8804
11
2341
553
198
262
348
256
8984
73341
220
16
25
7956
279
4434
5436
8529
1238
348
28068
9
5488
13
198
262
348
256
8984
73341
220
17
25
8001
279
1534
5436
8529
318
14430
310
1844
553
198
262
348
256
8984
73341
220
18
25
8001
279
2400
8240
314
40832
2663
303
1906
13
198
262
348
256
27344
24093
25
198
285
220
16
13
220
4336
357
198
285
220
17
13
220
4336
417
198
285
220
18
13
220
4336
351
198
285
220
19
13
220
2341
198
285
220
20
13
220
4336
414
198
285
220
21
13
220
4336
458
198
285
220
22
13
220
2341
198
285
220
23
13
220
2341
198
285
220
24
13
220
4336
426
198
285
220
16
15
13
4336
469
198
285
220
16
16
13
4336
462
198
285
220
16
17
13
2341
198
285
220
16
18
13
4336
353
198
285
220
16
19
13
2341
198
285
220
16
20
13
2341
198
285
220
16
21
13
4336
604
271
17
13
220
2972
8046
13909
12
8046
41697
64700
271
262
348
256
2972
6140
3130
64700
13875
369
4147
13
198
