271
248068
198
8160
579
264
7047
1817
421
11177
310
279
12321
2468
25
271
16
13
220
2972
2014
53983
279
5952
64700
198
262
348
256
5396
25
357
8240
314
220
16
17
4965
314
1970
318
29292
12317
48939
42242
553
198
262
348
256
5261
25
26289
279
1957
1500
539
1500
13
198
262
348
256
8984
15808
25
7956
279
869
314
348
28068
9
3759
1238
348
9264
9
1500
13
198
262
348
256
12650
15808
25
3130
279
1534
2663
314
264
11
292
11
272
11
321
293
13
271
17
13
220
2972
6140
3130
64700
198
262
348
256
20762
25
1510
64
7561
1510
65
7561
1510
66
7561
1510
67
63
198
262
348
256
24188
25
1510
64
63
369
5438
318
269
220
15
681
1510
65
63
369
5438
318
269
220
15
681
1510
66
63
369
5438
318
269
220
15
681
1510
67
63
369
5438
318
269
220
15
553
198
262
348
256
348
11748
7415
269
29377
51595
733
264
7077
15019
2193
11
7101
513
16761
310
1510
3928
63
466
1510
15
27653
353
668
9370
781
513
16761
310
1510
15
63
364
279
1118
1500
11
466
4777
1420
279
1528
348
10378
9
279
1118
15840
13
6558
579
9370
781
513
16761
310
1510
15
63
310
1236
279
11319
4434
11
466
1066
1151
440
279
1118
15840
13
561
9640
16561
310
1133
