271
248068
271
248069
271
2
13875
41697
271
550
3991
13875
318
14430
310
1844
1590
198
71093
198
58
2205
198
71093
271
550
16239
13909
12
8172
26289
271
91
653
735
16239
735
13875
318
14430
11069
1844
8
735
198
91
4277
91
17549
91
746
16077
91
198
91
220
16
735
4336
357
735
498
32
60
735
198
91
220
17
735
4336
417
735
498
32
11
417
60
735
198
91
220
18
735
4336
351
735
498
32
11
417
11
351
60
735
198
91
220
19
735
2341
735
498
32
11
417
60
735
198
91
220
20
735
4336
414
735
498
32
11
417
11
414
60
735
198
91
220
21
735
4336
458
735
498
32
11
417
11
414
11
458
60
735
198
91
220
22
735
2341
735
498
32
11
417
11
414
60
735
198
91
220
23
735
2341
735
498
32
11
417
60
735
198
91
220
24
735
4336
426
735
498
32
11
417
11
426
60
735
198
91
220
16
15
735
4336
469
735
498
32
11
417
11
426
11
469
60
735
198
91
220
16
16
735
4336
462
735
498
32
11
417
11
426
11
469
11
462
60
735
198
91
220
16
17
735
2341
735
498
32
11
417
11
426
11
469
60
735
198
91
220
16
18
735
4336
353
735
498
32
11
