271
248068
198
40
1144
310
11319
1472
279
1528
32480
364
279
1879
220
15
16
16
15
16
15
15
16
16
16
15
16
15
15
16
16
13
271
9764
728
1870
264
8869
1898
25
198
12
326
15
25
220
15
49300
50
16
11
220
16
49300
50
17
198
12
326
16
25
220
15
49300
50
17
11
220
16
49300
50
15
198
12
326
17
25
220
15
49300
50
18
11
220
16
49300
50
16
198
12
326
18
25
220
15
49300
50
15
11
220
16
49300
50
17
271
6820
353
3172
11319
1472
279
1879
220
15
16
16
15
16
15
15
16
16
16
15
16
15
15
16
16
2923
539
2923
25
271
91
14392
735
5396
735
8852
3130
735
9019
3130
735
198
91
16077
91
20308
91
37363
91
4996
91
198
91
220
16
262
735
220
15
257
735
326
15
309
735
326
16
260
735
198
91
220
17
262
735
220
16
257
735
326
16
309
735
326
17
260
735
198
91
220
18
262
735
220
16
257
735
326
17
309
735
326
18
260
735
198
91
220
19
262
735
220
15
257
735
326
18
309
735
326
15
260
735
198
91
220
20
262
735
220
16
257
735
326
15
309
735
326
17
260
735
198
91
220
21
262
735
220
15
257
735
326
