271
1206
11319
411
1957
1500
539
1500
321
1133
279
869
314
1396
3759
1238
1754
1500
11
1042
579
708
1472
424
2923
539
2923
25
271
16
13
1510
64
283
220
18
26
63
198
256
471
1510
64
63
369
16761
310
220
18
13
271
17
13
1510
65
283
264
478
220
19
26
63
198
256
471
1510
65
63
369
16100
430
1510
64
478
220
19
7561
864
369
1510
18
478
220
19
283
220
22
27653
198
256
471
1510
65
63
369
1381
220
22
13
271
18
13
1510
66
283
292
348
220
17
26
63
198
256
471
1510
66
63
369
16100
430
1510
65
348
220
17
7561
864
369
1510
22
348
220
17
283
220
16
19
27653
198
256
471
1510
66
63
369
1381
220
16
19
13
271
19
13
1510
64
283
272
471
292
26
63
198
256
471
1510
64
63
369
16100
430
1510
66
471
292
7561
864
369
1510
16
19
471
220
22
283
220
22
27653
198
256
471
1510
64
63
369
1381
220
22
13
271
20
13
1510
67
283
264
478
272
26
63
198
256
471
1510
67
63
369
16100
430
1510
64
478
272
7561
864
369
1510
22
478
220
16
19
283
220
17
16
27653
198
256
471
1510
67
63
369
1381
220
17
16
13
271
21
13
1510
65
283
293
471
