271
248068
198
8160
579
264
7047
1817
421
11177
310
279
6093
25
271
16
13
220
2972
2014
53983
279
5952
64700
198
262
348
256
2972
52217
64700
220
20
14533
303
264
2713
318
16
310
220
20
553
198
262
348
256
2972
10203
64700
198
285
348
256
9245
25
3605
11
8432
11
7592
11
5626
11
24655
13
198
285
348
256
31342
1720
25
31079
11
7124
11
76216
11
11230
11
30328
13
198
262
348
256
2972
38663
64700
19927
41260
91291
11
1133
279
1528
314
279
5646
1238
1754
2923
11
321
5326
3300
279
4434
15840
13
271
17
13
220
2972
826
279
2356
1101
64700
198
262
348
256
2356
356
220
16
25
3605
369
6849
2047
314
7592
13
198
262
348
256
2356
356
220
17
25
31079
369
303
279
8432
3626
13
198
262
348
256
2356
356
220
18
25
76216
369
303
4526
220
16
13
198
262
348
256
2356
356
220
19
25
24655
369
4526
220
20
13
198
262
348
256
2356
356
220
20
25
7124
369
6849
1245
314
5626
13
198
262
348
256
2356
356
220
21
25
11230
1503
524
3756
303
4526
220
18
13
198
262
348
256
2356
356
220
22
25
7592
369
4526
220
19
13
271
18
13
220
2972
8046
13909
12
8046
48704
2567
64700
271
262
348
256
2972
6140
3130
64700
198
285
348
