271
248068
198
90700
8340
25
271
16
13
220
2972
2014
53983
279
5952
64700
198
262
348
256
5261
25
4319
6134
264
5436
440
264
3050
8240
314
7289
13
198
262
348
256
14606
25
3648
5488
791
1500
11
7854
539
279
1528
314
279
5436
1238
421
5488
13
198
262
348
256
24093
25
4336
357
11
4336
417
11
4336
351
11
2341
11
4336
414
11
4336
458
11
2341
11
2341
11
4336
426
11
4336
469
11
4336
462
11
2341
11
4336
353
11
2341
11
2341
11
4336
604
13
198
262
348
256
12650
8984
25
8001
279
1534
5436
318
14430
310
1844
8
321
279
2400
8240
314
40832
2663
13
271
17
13
220
2972
8046
13909
12
8046
41697
64700
271
262
348
256
2972
6140
3130
64700
21539
5436
13
198
262
348
256
2972
8172
220
16
64700
1510
8804
357
63
198
285
348
256
13875
25
498
32
60
198
262
348
256
2972
8172
220
17
64700
1510
8804
417
63
198
285
348
256
13875
25
498
32
11
417
60
198
262
348
256
2972
8172
220
18
64700
1510
8804
351
63
198
285
348
256
13875
25
498
32
11
417
11
351
60
198
262
348
256
2972
8172
220
19
64700
1510
8115
63
198
285
348
256
387
17049
25
351
198
285
348
256
13875
25
498
32
11
417
60
198
262
348
256
