271
248068
198
90700
8340
25
271
16
13
220
2972
2014
53983
279
5952
64700
198
262
348
256
5396
1103
25
74988
19
11
220
24
11
220
17
11
220
22
11
220
16
11
220
23
11
220
18
11
220
21
11
220
20
60
63
198
262
348
256
22136
310
3668
91291
25
198
285
220
16
13
220
6872
1396
2315
13
198
285
220
17
13
220
10466
1396
2315
3294
220
16
20
13
198
285
220
18
13
220
28833
279
2542
314
279
1428
1103
13
198
285
220
19
13
220
15495
34217
13
198
285
220
20
13
220
89999
279
23856
2315
494
1396
2315
13
198
285
220
21
13
220
23515
279
1103
13
198
285
220
22
13
220
28833
279
1698
314
69777
5255
13
198
262
348
256
8984
15808
25
6712
279
4220
1103
1238
348
9264
9
5728
13
271
17
13
220
2972
8046
220
16
25
6872
1396
2315
159029
198
262
348
256
5396
25
74988
19
11
220
24
11
220
17
11
220
22
11
220
16
11
220
23
11
220
18
11
220
21
11
220
20
60
63
198
262
348
256
16239
25
393
87
1088
951
220
17
87
3
198
262
348
256
71690
25
393
58
23
11
220
16
23
11
220
19
11
220
16
19
11
220
17
11
220
16
21
11
220
21
11
220
16
17
