271
248068
271
248069
271
2
6863
13909
88383
26289
271
91
6863
735
16239
735
264
735
292
735
272
735
293
735
198
91
16077
91
17549
91
4277
91
4277
91
4277
91
4277
91
198
91
220
16
735
1510
64
283
220
18
63
735
220
18
735
220
18
735
220
18
735
220
18
735
198
91
220
17
735
1510
65
283
264
478
220
19
63
735
220
18
735
220
22
735
220
18
735
220
18
735
198
91
220
18
735
1510
66
283
292
348
220
17
63
735
220
18
735
220
22
735
220
21
735
220
18
735
198
91
220
19
735
1510
64
283
272
471
292
63
735
471
19
735
220
22
735
220
21
735
220
18
735
198
91
220
20
735
1510
67
283
264
478
272
63
735
471
19
735
220
22
735
220
21
735
220
16
735
198
91
220
21
735
1510
65
283
293
471
264
63
735
471
19
735
220
16
735
220
21
735
220
16
735
198
91
220
22
735
1510
66
283
292
478
293
63
735
471
19
735
220
16
735
220
22
735
220
16
735
198
91
220
23
735
1510
64
283
272
471
293
63
735
471
19
735
220
16
735
220
22
735
220
16
735
198
91
220
24
735
1510
67
283
264
348
292
63
735
471
19
735
220
