271
248068
198
8160
579
264
7047
1817
421
11177
310
279
6093
25
271
16
13
220
2972
2014
53983
279
5952
64700
198
262
348
256
2972
21149
64700
220
20
14533
303
264
2713
318
3946
290
220
16
310
220
20
553
198
262
348
256
2972
21974
64700
220
20
9245
318
5844
11
8432
11
7592
11
5626
11
24655
8
321
220
20
31342
1720
318
77805
11
7124
11
76216
11
11230
11
30328
553
198
262
348
256
2972
17355
64700
19927
41260
348
588
506
264
854
11961
1133
279
1528
1238
1754
29010
11
321
5326
3300
279
4434
15840
13
271
17
13
220
2972
9634
279
3130
64700
198
262
348
256
55725
25
220
16
11
220
17
11
220
18
11
220
19
11
220
20
198
262
348
256
9245
25
498
12259
21774
21774
21774
907
60
198
262
348
256
31342
1720
25
498
12259
21774
21774
21774
907
60
271
18
13
220
2972
7188
2356
356
220
16
25
328
760
2438
3626
369
6849
2047
314
279
5983
3626
1149
332
198
262
348
256
34912
13139
318
5844
11
7592
1590
318
16
11
17
681
318
17
11
18
681
318
18
11
19
681
318
19
11
20
553
198
262
348
256
348
4149
51595
4246
1439
13139
430
22869
13
198
262
348
256
348
1349
51595
198
285
348
256
462
16
25
498
5844
15328
4296
60
198
