271
248068
198
9764
728
944
1472
411
2923
539
2923
13
271
332
6140
6302
64700
220
20
14533
47193
220
16
310
220
20
11
1754
440
799
12106
321
799
9854
505
13
271
332
4904
356
220
16
25
328
760
2438
3626
369
6849
2047
314
279
5983
3626
175267
198
12
3605
369
6849
2047
314
7592
198
12
34912
13139
25
318
16
11
17
681
318
17
11
18
681
318
18
11
19
681
318
19
11
20
8
271
332
4904
356
220
17
25
328
77805
6107
303
279
6105
3626
175267
198
12
31079
283
8432
271
332
4904
356
220
18
25
328
195947
6107
303
3626
220
16
175267
198
12
4526
220
16
283
76216
271
332
4904
356
220
19
25
328
760
13358
3626
369
3626
220
20
175267
198
12
4526
220
20
283
24655
271
332
4904
356
220
20
25
328
23790
6107
6849
1245
314
279
4022
3626
175267
198
12
5626
369
6849
2047
314
7124
198
12
34912
13139
25
318
16
11
17
681
318
17
11
18
681
318
18
11
19
681
318
19
11
20
8
271
332
4904
356
220
21
25
328
36769
1503
524
3756
303
3626
220
18
175267
198
12
11230
91050
4526
220
18
271
332
4904
356
220
22
25
328
760
5983
3626
369
3626
220
19
175267
198
12
4526
220
19
283
7592
271
6820
1042
728
3668
1439
