271
248068
271
248069
271
1206
11290
411
3377
11
567
668
36213
279
5484
579
7465
2923
13909
28253
13
271
13962
220
16
13
18053
279
4042
321
3922
5745
271
9764
279
1428
1528
381
393
50
5150
12576
561
1879
7489
369
393
87
12576
198
760
32480
513
4364
430
10695
25
198
12
2972
2425
220
15
92217
198
220
471
393
50
62
15
1088
951
326
62
16
3
198
220
471
393
50
62
16
1088
951
326
62
17
3
198
220
471
393
50
62
17
1088
951
326
62
18
3
198
220
471
393
50
62
18
1088
951
326
62
15
3
198
12
2972
2425
220
16
92217
198
220
471
393
50
62
15
1088
951
326
62
17
3
198
220
471
393
50
62
16
1088
951
326
62
15
3
198
220
471
393
50
62
17
1088
951
326
62
16
3
198
220
471
393
50
62
18
1088
951
326
62
17
3
271
332
6140
3130
92217
393
50
62
15
3
271
13962
220
17
13
14392
13909
12
8046
41697
271
1596
1151
506
393
50
62
15
12576
1165
1817
279
1879
886
1510
15
16
16
15
16
15
15
16
16
16
15
16
15
15
16
16
63
799
7489
506
264
854
13
271
91
14392
735
5396
19012
735
8852
3130
1651
50
5150
3
8
735
9019
3130
1651
50
5206
3
8
735
