271
248068
198
8160
579
264
7047
1817
421
11177
310
279
11488
2468
25
271
16
13
220
2972
15771
2598
279
38622
64700
561
16050
369
310
11319
264
3050
8240
314
1970
4965
11
20368
7101
1510
64
7561
1510
65
7561
1510
66
7561
321
1510
67
63
506
1754
2923
11
321
1179
1133
279
1534
2663
314
1439
7101
13
271
17
13
220
2972
2014
53983
279
5927
64700
198
262
52451
12305
198
262
264
283
220
18
26
198
262
292
283
264
478
220
19
26
198
262
272
283
292
348
220
17
26
198
262
264
283
272
471
292
26
198
262
293
283
264
478
272
26
198
262
292
283
293
471
264
26
198
262
272
283
292
478
293
26
198
262
264
283
272
471
293
26
198
262
293
283
264
348
292
26
198
262
292
283
293
471
272
26
198
262
272
283
264
478
292
26
198
262
264
283
272
348
220
17
26
198
262
292
283
264
471
293
26
198
262
52451
198
262
348
8839
25
353
1144
310
381
16097
440
3759
4874
321
1906
314
7289
4749
271
18
13
220
2972
8046
13909
12
8046
29913
64700
271
262
348
256
2972
59843
64700
198
285
348
256
1510
64
283
220
18
63
198
285
348
256
1510
65
283
220
18
478
220
19
63
198
285
348
256
1510
66
283
318
