271
248068
198
8160
579
264
7047
1817
421
11177
310
279
12321
2468
25
271
16
13
220
2972
15771
2598
279
38622
64700
561
16050
369
310
1151
440
264
3050
1103
11
3668
264
8240
314
5426
310
424
5199
7638
11
321
1133
279
1528
314
279
1103
1238
348
9264
9
5728
369
8977
13
271
17
13
220
2972
6140
3130
64700
198
262
348
256
1697
25
74988
19
11
220
24
11
220
17
11
220
22
11
220
16
11
220
23
11
220
18
11
220
21
11
220
20
60
63
271
18
13
220
2972
2014
53983
279
22136
64700
198
262
561
9640
16561
310
3668
328
9264
5728
1
310
279
1067
314
279
3555
5728
13
4213
11
279
9640
11140
3050
10895
364
279
5426
13
6558
579
1353
14706
506
279
9640
1414
25
198
262
328
27567
1754
5728
310
279
1067
314
279
3555
5728
321
1133
279
4220
1103
1238
1754
5728
25
1923
1396
2315
11
3921
1396
2315
3294
220
16
20
11
8472
279
2542
314
279
1428
1103
11
3269
34217
11
31192
279
23856
2315
494
1396
2315
11
9637
279
1103
11
8472
279
1698
314
69777
5255
1149
271
262
348
3197
7790
362
51595
2532
513
220
21
3050
5426
9444
303
279
14458
13
198
262
220
16
13
220
6872
1396
2315
13
198
262
220
17
13
220
10466
1396
2315
3294
220
16
20
