271
248068
271
248069
271
8160
369
279
18465
314
279
5436
7289
25
271
16
13
220
2972
8804
357
332
198
262
13875
25
498
32
60
198
17
13
220
2972
8804
417
332
198
262
13875
25
498
32
11
417
60
198
18
13
220
2972
8804
351
332
198
262
13875
25
498
32
11
417
11
351
60
198
19
13
220
2972
8115
332
198
262
13875
25
498
32
11
417
60
198
20
13
220
2972
8804
414
332
198
262
13875
25
498
32
11
417
11
414
60
198
21
13
220
2972
8804
458
332
198
262
13875
25
498
32
11
417
11
414
11
458
60
198
22
13
220
2972
8115
332
198
262
13875
25
498
32
11
417
11
414
60
198
23
13
220
2972
8115
332
198
262
13875
25
498
32
11
417
60
198
24
13
220
2972
8804
426
332
198
262
13875
25
498
32
11
417
11
426
60
198
16
15
13
2972
8804
469
332
198
262
13875
25
498
32
11
417
11
426
11
469
60
198
16
16
13
2972
8804
462
332
198
262
13875
25
498
32
11
417
11
426
11
469
11
462
60
198
16
17
13
2972
8115
332
198
262
13875
25
498
32
11
417
11
426
11
469
60
198
16
18
13
2972
8804
353
332
198
262
13875
25
498
32
11
417
11
426
