271
248068
271
248069
271
8160
369
279
2923
13909
28253
10993
314
279
5426
8977
310
279
1103
74988
19
11
220
24
11
220
17
11
220
22
11
220
16
11
220
23
11
220
18
11
220
21
11
220
20
60
27653
271
13962
3991
1697
198
71093
1272
198
58
19
11
220
24
11
220
17
11
220
22
11
220
16
11
220
23
11
220
18
11
220
21
11
220
20
60
198
71093
271
4277
271
13962
17561
220
16
25
6872
1396
2315
11
3921
5255
3294
220
16
20
11
8472
279
2542
314
279
1428
1103
11
3269
34217
11
31192
279
23856
2315
494
1396
2315
11
9637
279
1103
11
8472
279
1698
314
69777
5255
13
271
332
8046
220
16
25
6872
1396
2315
332
198
12
220
19
56014
14695
3
220
17
283
220
23
198
12
220
24
56014
14695
3
220
17
283
220
16
23
198
12
220
17
56014
14695
3
220
17
283
220
19
198
12
220
22
56014
14695
3
220
17
283
220
16
19
198
12
220
16
56014
14695
3
220
17
283
220
17
198
12
220
23
56014
14695
3
220
17
283
220
16
21
198
12
220
18
56014
14695
3
220
17
283
220
21
198
12
220
21
56014
14695
3
220
17
283
220
16
17
198
12
220
20
56014
14695
3
220
17
283
220
16
15
