271
1206
11290
411
11
567
668
2649
279
7289
303
279
5024
1906
321
2560
279
4162
2702
1238
1754
2923
13
6558
579
708
1472
1754
2923
25
271
16
13
4980
440
220
22
13
198
17
13
2604
220
16
18
25
17237
220
22
478
220
16
18
283
220
17
15
1088
8
198
18
13
68647
539
220
18
25
17237
220
17
15
1088
14695
220
18
283
220
21
15
1088
8
198
19
13
89999
220
23
25
17237
220
21
15
471
220
23
283
220
20
17
1088
8
198
20
13
60783
539
220
17
25
17237
220
20
17
593
220
17
283
220
17
21
1088
8
198
21
13
2604
220
19
20
25
17237
220
17
21
478
220
19
20
283
220
22
16
1088
8
198
22
13
68647
539
220
19
25
17237
220
22
16
1088
14695
220
19
283
220
17
23
19
1088
8
198
23
13
89999
220
16
16
16
25
17237
220
17
23
19
471
220
16
16
16
283
220
16
22
18
1088
8
198
24
13
2604
220
16
24
25
17237
220
16
22
18
478
220
16
24
283
220
16
24
17
1088
8
198
16
15
13
68647
539
220
17
25
17237
220
16
24
17
1088
14695
220
17
283
220
18
23
19
1088
8
198
16
16
13
89999
220
18
22
25
17237
220
18
23
19
